------------ BEGIN LEVEL: high ------------
File Size (bytes): 53123263
Total Thresholds: 700
Total Goals: 300
Time to check consistency (milliseconds): [7384.791, 7887.8086, 7248.6323, 7712.8433, 6998.8135, 7764.2466, 7612.2207, 7317.377, 7759.37, 7643.099, 7668.129, 7730.445, 7587.016, 7754.2695, 7631.0293, 7238.5723, 7771.576, 7613.4653, 7574.119, 7782.315, 7262.967, 7861.5454, 7537.9263, 7702.3027, 7667.4526, 7267.492, 7704.07, 7677.1055, 7816.1094, 7742.314]
Time to planning (milliseconds): [3616.3699, 3532.229, 3484.2334, 3662.3909, 3615.5032, 3565.0415, 3482.5234, 3493.2168, 3621.1917, 3729.533, 3642.7703, 3543.3726, 3469.582, 3784.9421, 3831.327, 3679.914, 3474.7517, 3715.396, 3475.902, 3508.3784, 3567.7957, 3871.9355, 3533.7966, 3532.1174, 3540.2068, 3472.2007, 3530.535, 3514.1306, 3554.3047, 3523.325]
Time to search (seconds): [2.125, 2.046, 2.031, 2.109, 2.031, 2.062, 1.984, 2.015, 2.104, 2.124, 2.125, 2.031, 1.984, 2.234, 2.109, 1.999, 2.015, 2.14, 2.0, 1.984, 2.047, 2.187, 2.03, 1.999, 2.031, 2.0, 2.031, 2.015, 1.985, 2.0]
Time to check plancon (milliseconds): [9053.156, 8969.8, 7767.938, 9095.564, 9086.032, 9185.535, 8986.0, 9009.75, 8971.563, 8953.462, 8990.341, 9000.874, 8994.451, 8156.807, 9127.118, 10239.584, 9034.356, 8921.14, 9048.771, 8870.036, 8876.696, 8906.979, 9079.91, 8969.531, 9072.489, 9006.631, 8896.919, 8976.491, 8840.473, 8919.595]
--------
------------ END LEVEL: high ------------
