------------ BEGIN LEVEL: high ------------
File Size (bytes): 162424308
Total Thresholds: 700
Total Goals: 1000
Time to check consistency (milliseconds): [104990.95, 110834.234, 107635.414, 109691.66, 108439.28, 109686.375, 111307.68, 112258.086, 109280.25, 108090.01, 109437.71, 112706.7, 110361.51, 109193.69, 110399.73, 110645.766, 110265.29, 110341.23, 109434.234, 109083.89, 109711.836, 110302.22, 111597.76, 111440.055, 108703.66, 110343.82, 106486.66, 113699.016, 110115.695, 110313.336]
Time to planning (milliseconds): [3940.181, 3560.3467, 3548.0972, 3508.5356, 3471.8523, 3485.052, 3934.0574, 4330.353, 3459.445, 3488.8484, 3480.7407, 3531.3486, 3678.241, 3478.4463, 3536.3545, 3456.4873, 3510.4854, 3493.3682, 3490.6416, 3469.9448, 3499.3772, 3507.5667, 3501.5115, 3527.1328, 3463.6606, 3509.523, 3659.8228, 3452.737, 3495.588, 3481.992]
Time to search (seconds): [2.422, 2.109, 2.046, 1.984, 2.0, 1.984, 2.375, 2.672, 2.0, 2.0, 2.015, 2.031, 2.0, 1.969, 2.015, 2.0, 2.0, 1.984, 1.984, 1.984, 1.983, 1.984, 1.984, 1.984, 1.984, 1.999, 2.125, 1.968, 1.983, 1.983]
Time to check plancon (milliseconds): [118523.08, 113443.38, 116531.23, 120340.01, 118836.51, 118373.94, 117502.29, 119872.91, 119964.51, 120522.56, 116678.586, 120806.99, 118647.22, 119639.71, 120596.98, 118136.62, 115658.74, 117399.95, 117658.81, 118426.875, 114756.44, 117543.586, 116080.51, 118552.77, 116526.61, 117012.35, 117629.56, 119991.49, 115983.9, 114289.06]
--------
------------ END LEVEL: high ------------
