------------ BEGIN LEVEL: high ------------
File Size (bytes): 51293823
Total Thresholds: 500
Total Goals: 500
Time to check consistency (milliseconds): [20787.684, 20599.91, 21061.213, 21720.42, 19748.523, 18305.23, 18975.713, 19644.924, 21664.863, 17642.412, 18459.828, 19556.365, 20539.537, 18416.371, 19016.04, 19512.818, 17597.469, 18481.334, 19117.371, 21211.182, 18174.559, 19632.92, 19968.438, 18976.684, 17953.742, 18866.629, 20451.328, 17844.457, 18223.164, 18994.883]
Time to planning (milliseconds): [2499.809, 2400.779, 2374.1985, 2443.5664, 2447.8755, 2411.2424, 2386.5789, 2419.7002, 2373.6519, 2421.7568, 2391.4436, 2417.4106, 2404.5134, 2403.9934, 2396.723, 2403.1023, 2442.6921, 2353.8718, 2404.985, 2396.3801, 2431.5293, 2355.893, 2416.9868, 2404.4905, 2433.9563, 2360.3108, 2413.1082, 2400.812, 2418.8171, 2400.9531]
Time to search (seconds): [1.156, 1.094, 1.046, 1.094, 1.062, 1.047, 1.078, 1.078, 1.047, 1.063, 1.047, 1.031, 1.046, 1.047, 1.046, 1.062, 1.062, 1.046, 1.047, 1.062, 1.063, 1.031, 1.031, 1.062, 1.078, 1.047, 1.031, 1.063, 1.078, 1.047]
Time to check plancon (milliseconds): [23379.18, 22485.799, 22753.166, 20540.63, 22936.451, 19676.027, 20964.242, 22613.979, 33939.926, 22574.695, 20858.04, 22625.482, 20928.125, 20334.943, 22007.975, 19003.795, 20243.97, 20127.492, 22296.873, 18745.707, 19979.656, 20514.875, 22852.4, 19924.223, 20608.86, 21122.836, 18782.49, 19313.479, 20198.18, 22512.248]
--------
------------ END LEVEL: high ------------
