------------ BEGIN LEVEL: high ------------
File Size (bytes): 72076863
Total Thresholds: 700
Total Goals: 500
Time to check consistency (milliseconds): [19417.764, 20246.953, 20250.213, 20859.947, 23850.832, 22506.61, 23568.646, 20825.186, 19369.635, 23115.635, 20717.812, 20553.133, 19953.402, 19193.557, 21355.256, 21191.13, 20683.072, 20040.416, 19385.611, 19428.479, 19596.896, 20711.498, 22563.732, 19310.586, 20505.705, 23435.982, 21712.223, 20863.113, 21130.895, 20675.746]
Time to planning (milliseconds): [4135.1445, 3755.8147, 3519.2947, 3476.2385, 3497.7078, 3469.3135, 3505.653, 3505.8408, 3476.5603, 3468.399, 3550.5789, 3450.8384, 3513.538, 3526.392, 3494.3806, 3504.0913, 3461.174, 3533.623, 3508.5232, 3471.6946, 3486.0176, 3662.5933, 3488.2913, 3486.626, 3533.839, 3463.368, 3487.7305, 3596.27, 3530.512, 3497.6475]
Time to search (seconds): [2.64, 2.234, 2.062, 2.046, 1.999, 2.031, 2.0, 2.031, 1.999, 2.015, 1.984, 2.015, 2.031, 1.999, 2.0, 1.984, 1.984, 2.015, 2.03, 2.015, 1.999, 2.046, 2.031, 2.0, 2.046, 1.999, 1.984, 2.108, 2.0, 2.015]
Time to check plancon (milliseconds): [25568.03, 25683.217, 22185.85, 25766.818, 27502.707, 25211.855, 20291.094, 21869.346, 21093.473, 22030.742, 21850.045, 21389.297, 26514.676, 21902.576, 21040.111, 21220.367, 20099.51, 25635.113, 21874.398, 21205.975, 21249.762, 20563.664, 24000.988, 24049.207, 22556.428, 21690.389, 21163.174, 20236.291, 19906.398, 20113.023]
--------
------------ END LEVEL: high ------------
