------------ BEGIN LEVEL: high ------------
File Size (bytes): 37423056
Total Thresholds: 300
Total Goals: 500
Time to check consistency (milliseconds): [18164.809, 23251.213, 18560.04, 17744.451, 17285.477, 19610.023, 17232.836, 19674.545, 17030.783, 19217.775, 17582.428, 19493.94, 17287.836, 19266.535, 17016.818, 19371.1, 17101.893, 19264.494, 17040.98, 19638.186, 17267.314, 19620.98, 17353.611, 20540.373, 17577.92, 20584.781, 16903.295, 19500.969, 17279.283, 20072.459]
Time to planning (milliseconds): [1700.4894, 1726.622, 1743.2983, 1769.9148, 1712.6814, 1642.2415, 1636.8116, 1635.0928, 1648.4126, 1746.0995, 1728.3833, 1641.2042, 1635.7218, 1623.3214, 1654.1595, 1683.4362, 1694.2621, 1633.302, 1621.2805, 1655.0516, 1630.8246, 1654.3192, 1725.833, 1638.6927, 1634.3132, 1633.8202, 1635.1599, 1858.8611, 1625.9203, 1650.0745]
Time to search (seconds): [0.453, 0.453, 0.453, 0.438, 0.438, 0.453, 0.437, 0.437, 0.438, 0.437, 0.437, 0.437, 0.438, 0.422, 0.437, 0.422, 0.437, 0.437, 0.422, 0.437, 0.437, 0.437, 0.438, 0.453, 0.437, 0.437, 0.437, 0.453, 0.421, 0.437]
Time to check plancon (milliseconds): [20091.498, 19814.172, 19558.684, 20025.47, 20623.5, 20224.1, 17628.193, 19848.893, 19828.215, 17629.982, 20094.162, 21977.295, 20536.34, 20444.895, 17493.545, 17544.941, 17629.725, 17371.08, 20308.758, 20472.389, 20027.227, 20083.8, 17457.762, 17637.414, 18342.293, 18268.014, 17896.283, 17390.176, 18315.23, 17982.379]
--------
------------ END LEVEL: high ------------
