------------ BEGIN LEVEL: high ------------
File Size (bytes): 87800351
Total Thresholds: 1000
Total Goals: 100
Time to check consistency (milliseconds): [4206.745, 4248.5547, 4056.2896, 4147.9966, 4157.1978, 4184.4033, 4024.132, 4711.742, 4826.336, 4825.6797, 4741.8477, 4606.313, 4647.0645, 4792.3384, 4603.5967, 4652.522, 4673.742, 4461.9375, 4816.381, 4829.4233, 4687.2373, 4745.818, 4705.4956, 4288.6587, 4040.5867, 4051.6682, 4223.152, 4155.687, 3973.7932, 4198.421]
Time to planning (milliseconds): [6162.062, 6078.9434, 6096.6777, 6025.0576, 5984.349, 6050.773, 5967.755, 6054.303, 5998.792, 5991.4277, 6037.646, 5973.6665, 6054.3267, 6003.139, 5952.998, 6077.1733, 5986.588, 6039.178, 6021.364, 6009.8447, 6038.8926, 5995.703, 6025.231, 5988.997, 6024.18, 6005.254, 5994.035, 6022.8696, 6004.767, 6001.8804]
Time to search (seconds): [4.405, 4.265, 4.186, 4.249, 4.202, 4.249, 4.218, 4.171, 4.249, 4.217, 4.249, 4.218, 4.264, 4.233, 4.171, 4.405, 4.264, 4.218, 4.186, 4.187, 4.265, 4.249, 4.218, 4.202, 4.202, 4.265, 4.233, 4.217, 4.202, 4.234]
Time to check plancon (milliseconds): [5109.284, 5212.408, 4991.328, 5004.027, 5096.0835, 5209.387, 5047.5254, 4981.5034, 5155.266, 5188.629, 5033.7207, 4939.4775, 5091.6074, 5250.7676, 5432.331, 5023.3584, 5171.5493, 5291.7036, 5143.8022, 4990.0205, 4965.219, 5228.096, 5201.4604, 5076.058, 4946.108, 4587.6914, 5210.254, 5064.289, 4994.3374, 5209.766]
--------
------------ END LEVEL: high ------------
