------------ BEGIN LEVEL: high ------------
File Size (bytes): 116866551
Total Thresholds: 1000
Total Goals: 500
Time to check consistency (milliseconds): [24735.84, 22298.727, 26801.023, 23060.658, 24033.854, 21681.51, 22851.193, 21491.418, 23219.379, 21703.73, 23499.738, 23108.81, 28378.66, 21801.223, 23170.074, 21651.379, 21701.01, 23036.357, 26648.318, 25031.807, 22890.7, 23906.4, 21617.44, 23403.912, 21425.783, 23076.555, 21352.709, 26363.941, 22844.67, 26460.336]
Time to planning (milliseconds): [6278.997, 6043.579, 6067.605, 6066.5425, 5982.664, 6066.109, 6052.218, 6050.261, 5993.7856, 6039.6597, 6022.6714, 6049.918, 6069.8516, 6036.4624, 6040.853, 6050.3203, 5994.111, 6031.9546, 6032.616, 6008.8623, 5990.669, 5894.2144, 6035.2026, 5983.2793, 6054.838, 6054.9062, 6061.403, 6069.3325, 6073.484, 6039.4736]
Time to search (seconds): [4.452, 4.296, 4.233, 4.265, 4.233, 4.287, 4.228, 4.218, 4.202, 4.281, 4.249, 4.186, 4.217, 4.28, 4.218, 4.233, 4.202, 4.233, 4.265, 4.249, 4.249, 4.218, 4.296, 4.265, 4.265, 4.265, 4.217, 4.265, 4.281, 4.202]
Time to check plancon (milliseconds): [29395.385, 31446.656, 30085.277, 31459.158, 31479.432, 24624.703, 25435.064, 25807.404, 30353.416, 25893.559, 26299.973, 24439.387, 25668.594, 24019.283, 26371.916, 24807.037, 31993.027, 29465.584, 27912.975, 24482.516, 25834.697, 24137.195, 31272.236, 26120.963, 29384.195, 25034.74, 27346.084, 24859.305, 31148.656, 24829.607]
--------
------------ END LEVEL: high ------------
