------------ BEGIN LEVEL: high ------------
File Size (bytes): 32340223
Total Thresholds: 500
Total Goals: 300
Time to check consistency (milliseconds): [6679.761, 6254.2266, 6628.8213, 6372.3765, 6566.6914, 5883.1284, 6582.3706, 6626.015, 6938.238, 6715.485, 6568.172, 6450.4946, 6605.6216, 6596.7993, 6465.1816, 6608.369, 6491.299, 6589.735, 6565.7534, 6748.4077, 6778.8755, 6504.631, 6458.78, 6585.76, 6454.81, 6741.6963, 6472.144, 5968.417, 6517.292, 6162.1157]
Time to planning (milliseconds): [3136.1577, 2547.3052, 2483.1294, 2464.1902, 2394.0735, 2419.0112, 2423.7004, 2395.3025, 2404.9937, 2394.2124, 2448.3406, 2374.3792, 2407.482, 2405.8486, 2390.0623, 2440.141, 2385.708, 2403.0278, 2411.962, 2398.373, 2393.8713, 2411.21, 2387.608, 2425.3516, 2405.2595, 2395.2766, 2435.3057, 2384.0583, 2392.4148, 2391.7302]
Time to search (seconds): [1.75, 1.124, 1.094, 1.062, 1.047, 1.046, 1.109, 1.047, 1.047, 1.062, 1.047, 1.047, 1.078, 1.062, 1.046, 1.046, 1.062, 1.046, 1.062, 1.047, 1.077, 1.063, 1.063, 1.094, 1.046, 1.046, 1.078, 1.062, 1.062, 1.062]
Time to check plancon (milliseconds): [7296.3677, 7215.8984, 7312.002, 6513.8994, 7239.836, 7293.0513, 7274.0107, 6732.1694, 7342.569, 7473.7227, 7279.4165, 8265.415, 7544.5728, 8168.361, 6971.06, 7538.627, 7506.07, 7018.5996, 7615.321, 7533.2583, 7668.1074, 7555.064, 7510.7817, 7394.897, 7443.0522, 7615.9287, 7506.4863, 7351.6646, 7458.157, 7441.2905]
--------
------------ END LEVEL: high ------------
