------------ BEGIN LEVEL: high ------------
File Size (bytes): 58857896
Total Thresholds: 100
Total Goals: 700
Time to check consistency (milliseconds): [36656.676, 39217.727, 37531.65, 38148.816, 39140.26, 40892.117, 39298.633, 39333.645, 38748.273, 38820.426, 38412.38, 40238.426, 39820.125, 41050.91, 40412.695, 38940.9, 39205.965, 38942.195, 39959.87, 40221.258, 39038.957, 40111.523, 41055.344, 39654.36, 38942.664, 39060.16, 39126.35, 38761.28, 38129.348, 37895.805]
Time to planning (milliseconds): [1338.7599, 1302.8145, 1295.7106, 1315.5083, 1312.3862, 1330.1603, 1296.371, 1331.2197, 1292.6036, 1315.639, 1305.2346, 1312.4911, 1307.8947, 1313.4946, 1317.0118, 1337.3105, 1281.9175, 1310.997, 1319.0409, 1293.5865, 1312.839, 1313.9706, 1318.356, 1414.1318, 1305.5251, 1300.7042, 1320.1935, 1296.1011, 1309.0175, 1307.7437]
Time to search (seconds): [0.125, 0.125, 0.14, 0.125, 0.125, 0.124, 0.125, 0.125, 0.109, 0.125, 0.125, 0.125, 0.125, 0.125, 0.125, 0.125, 0.125, 0.141, 0.125, 0.125, 0.141, 0.125, 0.125, 0.125, 0.125, 0.141, 0.125, 0.125, 0.109, 0.124]
Time to check plancon (milliseconds): [38297.64, 43990.098, 38030.297, 40051.336, 40899.234, 37905.875, 40796.1, 41358.1, 40760.383, 41610.613, 41518.97, 41420.43, 40755.082, 40660.152, 38806.49, 39593.805, 40321.445, 40608.43, 38968.52, 39337.93, 41384.49, 40574.75, 40616.973, 39711.88, 40848.14, 40495.535, 40547.094, 39448.08, 46538.91, 42360.97]
--------
------------ END LEVEL: high ------------
