------------ BEGIN LEVEL: high ------------
File Size (bytes): 65816656
Total Thresholds: 300
Total Goals: 700
Time to check consistency (milliseconds): [42238.14, 38250.91, 39475.332, 40716.766, 39400.52, 43040.848, 41688.992, 40402.746, 39966.562, 38724.133, 39027.33, 39044.098, 44078.668, 41496.812, 40140.082, 40240.48, 41022.793, 40559.656, 40240.227, 39103.13, 38950.707, 40583.137, 39689.83, 40957.473, 41176.68, 41923.223, 41157.883, 43231.203, 41493.17, 42342.3]
Time to planning (milliseconds): [3827.4902, 1706.5172, 1651.6555, 1728.9011, 1639.2697, 1685.9326, 1695.1932, 1636.8971, 1628.0084, 1640.5625, 1653.6859, 1628.922, 1654.4445, 1639.7466, 1622.535, 1642.945, 1640.292, 1641.9496, 1676.7794, 1731.278, 1626.8492, 1648.4913, 1625.1898, 1637.5874, 1737.8026, 1661.0063, 1638.8525, 1652.4745, 1625.6454, 1647.481]
Time to search (seconds): [2.546, 0.438, 0.453, 0.437, 0.453, 0.438, 0.438, 0.437, 0.422, 0.422, 0.453, 0.422, 0.421, 0.438, 0.421, 0.422, 0.422, 0.438, 0.437, 0.422, 0.438, 0.438, 0.422, 0.422, 0.516, 0.438, 0.422, 0.437, 0.406, 0.421]
Time to check plancon (milliseconds): [47235.203, 45167.29, 46466.777, 47236.195, 36886.945, 40185.637, 43196.96, 46239.48, 41647.63, 41926.617, 41394.79, 41735.24, 41492.89, 41556.242, 40654.117, 42224.97, 41126.387, 42931.027, 42726.035, 42604.176, 42349.05, 41787.51, 41195.74, 43591.016, 45336.816, 42621.574, 43066.59, 41431.2, 40838.7, 41056.12]
--------
------------ END LEVEL: high ------------
