------------ BEGIN LEVEL: high ------------
File Size (bytes): 30464296
Total Thresholds: 100
Total Goals: 500
Time to check consistency (milliseconds): [17391.86, 17785.143, 18397.473, 15636.514, 16764.502, 16738.809, 19282.97, 18995.943, 16750.463, 16158.604, 17246.607, 16885.209, 18931.773, 16193.197, 15861.541, 17106.322, 15703.015, 17547.328, 16272.277, 19287.24, 16662.822, 15702.422, 16434.285, 15785.048, 17887.545, 17602.707, 19025.076, 16572.678, 15694.692, 16659.805]
Time to planning (milliseconds): [1268.0192, 1317.2275, 1306.5228, 1316.8762, 1308.4379, 1312.3578, 1325.5493, 1300.794, 1318.041, 1291.531, 1310.7185, 1310.4406, 1313.7723, 1307.5249, 1422.5543, 1345.6426, 1276.9608, 1314.0759, 1308.3002, 1313.596, 1307.5536, 1328.7032, 1312.1162, 1308.8925, 1311.3796, 1317.2593, 1307.4843, 1309.602, 1313.3362, 1317.3983]
Time to search (seconds): [0.125, 0.125, 0.125, 0.141, 0.109, 0.125, 0.141, 0.125, 0.125, 0.109, 0.14, 0.125, 0.14, 0.125, 0.124, 0.125, 0.125, 0.125, 0.109, 0.14, 0.11, 0.141, 0.141, 0.11, 0.125, 0.125, 0.109, 0.125, 0.125, 0.125]
Time to check plancon (milliseconds): [16259.435, 16757.684, 18901.959, 18265.068, 17164.525, 19076.938, 18229.203, 16085.717, 17785.86, 16312.268, 18996.555, 16885.832, 18177.873, 17008.363, 16175.4, 17265.992, 16550.67, 18639.709, 16941.703, 18453.025, 17327.807, 16073.898, 17016.148, 16408.113, 18681.56, 16660.676, 18702.07, 16949.938, 16114.533, 17094.057]
--------
------------ END LEVEL: high ------------
