------------ BEGIN LEVEL: high ------------
File Size (bytes): 141233768
Total Thresholds: 500
Total Goals: 1000
Time to check consistency (milliseconds): [112360.85, 109038.516, 105437.445, 110803.09, 106242.805, 110469.85, 104117.06, 109188.9, 103380.81, 106833.35, 103016.96, 106265.29, 104166.266, 106804.39, 107699.7, 106060.87, 114573.63, 104154.805, 108411.945, 101420.13, 109156.34, 105401.05, 107919.984, 105243.47, 108347.09, 111133.68, 107227.414, 110747.11, 105835.22, 111646.16]
Time to planning (milliseconds): [2747.6467, 2434.3127, 2435.7207, 2393.3577, 2414.2942, 2387.4846, 2399.1548, 2417.6082, 2462.346, 2423.0837, 2410.3452, 2421.1606, 2455.071, 2372.586, 2396.0676, 2388.646, 2404.449, 2542.9333, 2379.7197, 2382.6614, 2418.3948, 2409.9702, 2401.1155, 2393.7996, 2392.1628, 2446.0977, 2376.1013, 2402.9165, 2397.7488, 2435.5164]
Time to search (seconds): [1.359, 1.14, 1.047, 1.031, 1.032, 1.047, 1.047, 1.063, 1.093, 1.031, 1.046, 1.047, 1.078, 1.047, 1.031, 1.031, 1.047, 1.031, 1.062, 1.047, 1.047, 1.062, 1.047, 1.031, 1.047, 1.062, 1.046, 1.062, 1.031, 1.078]
Time to check plancon (milliseconds): [110839.05, 106361.54, 120229.88, 109310.84, 112258.76, 109092.414, 112653.516, 108565.02, 111609.03, 112022.56, 108823.12, 112595.234, 107422.68, 113624.04, 106533.445, 114145.586, 107931.45, 110045.336, 112166.33, 109755.85, 114712.695, 110249.94, 114452.234, 108396.22, 112161.5, 106714.01, 112865.29, 110561.984, 112287.81, 115464.2]
--------
------------ END LEVEL: high ------------
