------------ BEGIN LEVEL: high ------------
File Size (bytes): 22826623
Total Thresholds: 500
Total Goals: 100
Time to check consistency (milliseconds): [1097.275, 1148.2981, 1117.1162, 1121.7965, 1090.6335, 1111.2218, 1147.5458, 1106.3838, 1089.8624, 1146.2634, 1068.8667, 1125.1427, 1080.4774, 1081.1486, 1105.7412, 1107.4854, 1070.6425, 1062.554, 1110.1866, 1122.8633, 1111.6017, 1128.9382, 1224.8114, 1174.8286, 1058.2731, 1109.9016, 1134.769, 1072.9081, 1113.3846, 1102.3019]
Time to planning (milliseconds): [2429.6228, 2476.157, 2363.2798, 2384.7317, 2406.1963, 2438.988, 2375.41, 2411.2156, 2410.935, 2439.3884, 2379.6458, 2416.1055, 2392.9893, 2408.8457, 2421.961, 2412.1165, 2394.4648, 2398.3037, 2421.3083, 2392.1035, 2407.8652, 2391.2708, 2453.218, 2379.6416, 2409.041, 2408.1084, 2465.8442, 2345.7039, 2419.1116, 2399.068]
Time to search (seconds): [1.094, 1.047, 1.047, 1.031, 1.047, 1.093, 1.047, 1.031, 1.062, 1.062, 1.047, 1.047, 1.062, 1.031, 1.046, 1.063, 1.047, 1.046, 1.031, 1.047, 1.047, 1.047, 1.078, 1.047, 1.047, 1.046, 1.078, 1.047, 1.047, 1.046]
Time to check plancon (milliseconds): [1363.3641, 1347.9226, 1355.6414, 1340.8783, 1337.3608, 1324.0721, 1376.0981, 1307.3341, 1299.5109, 1371.9418, 1306.9229, 1403.5088, 1336.0216, 1298.6365, 1306.8529, 1311.0898, 1330.4229, 1309.1852, 1325.4851, 1359.546, 1316.1704, 1347.667, 1338.6521, 1315.3503, 1355.6775, 1326.1737, 1327.5442, 1321.5669, 1324.6595, 1331.9955]
--------
------------ END LEVEL: high ------------
