------------ BEGIN LEVEL: high ------------
File Size (bytes): 8955856
Total Thresholds: 300
Total Goals: 100
Time to check consistency (milliseconds): [695.1632, 668.2956, 718.2358, 662.9557, 694.5221, 681.2866, 699.8466, 692.7524, 716.26227, 681.9263, 705.0777, 675.8695, 708.3278, 673.0395, 696.03485, 670.7231, 735.26117, 690.827, 668.9742, 696.7749, 677.7611, 687.7335, 695.5389, 688.486, 706.2644, 671.64856, 701.57544, 684.841, 684.41315, 674.633]
Time to planning (milliseconds): [1743.1136, 1723.0708, 1741.1721, 1730.2528, 1748.3212, 1637.405, 1688.8488, 1702.4493, 1633.17, 1637.1012, 1623.6809, 1648.8259, 1676.3275, 1705.1211, 1643.6355, 1646.5924, 1626.6808, 1651.4293, 1663.2117, 1699.9884, 1656.9589, 1638.733, 1621.8922, 1667.1996, 1777.7778, 1690.4497, 1654.7175, 1621.6355, 1636.5624, 1654.5901]
Time to search (seconds): [0.468, 0.437, 0.453, 0.438, 0.438, 0.437, 0.421, 0.453, 0.437, 0.438, 0.438, 0.437, 0.485, 0.437, 0.437, 0.437, 0.437, 0.437, 0.437, 0.422, 0.453, 0.437, 0.422, 0.453, 0.437, 0.438, 0.438, 0.421, 0.422, 0.437]
Time to check plancon (milliseconds): [811.0377, 807.0406, 801.78937, 776.2701, 821.6756, 813.844, 851.92053, 827.74207, 806.7455, 824.8064, 818.7135, 806.6022, 808.4951, 802.1538, 816.6596, 835.1123, 800.50183, 817.3277, 831.52563, 822.1028, 838.8242, 831.26935, 813.7354, 845.027, 915.4087, 779.37134, 817.4706, 892.9851, 828.7323, 808.696]
--------
------------ END LEVEL: high ------------
