------------ BEGIN LEVEL: high ------------
File Size (bytes): 18469456
Total Thresholds: 300
Total Goals: 300
Time to check consistency (milliseconds): [5826.3086, 5785.4116, 5775.5825, 5837.115, 6002.231, 5758.4927, 5892.168, 5794.6064, 5766.37, 5960.8374, 5599.4795, 6004.4937, 5879.611, 5817.32, 5768.2114, 5713.4507, 5935.6294, 5837.1587, 5920.185, 5951.409, 5899.481, 5933.902, 5884.822, 5768.6597, 5900.3965, 5978.644, 5919.915, 5841.2246, 5753.588, 5691.716]
Time to planning (milliseconds): [1912.2307, 1728.5764, 1825.5378, 1744.2445, 1759.6156, 1821.6914, 1764.5432, 1777.1893, 1734.3883, 1691.4498, 1635.1898, 1636.8844, 1625.3228, 1682.7078, 1714.8622, 1623.8059, 1641.7799, 1654.4446, 1624.0155, 1681.641, 1732.432, 1726.449, 1632.4197, 1653.6227, 1727.8777, 1651.235, 1730.2955, 1624.4381, 1647.6793, 1653.2683]
Time to search (seconds): [0.609, 0.5, 0.515, 0.484, 0.5, 0.578, 0.484, 0.5, 0.499, 0.437, 0.437, 0.438, 0.421, 0.437, 0.438, 0.438, 0.422, 0.438, 0.438, 0.437, 0.468, 0.438, 0.422, 0.453, 0.437, 0.437, 0.437, 0.422, 0.437, 0.453]
Time to check plancon (milliseconds): [6433.1606, 6111.853, 6288.656, 6213.378, 6095.767, 6356.8403, 6179.393, 6459.147, 6283.124, 5981.833, 6375.893, 6363.156, 6288.0737, 6884.8833, 6883.1367, 6319.353, 6392.2314, 6137.5605, 6332.308, 6392.075, 5819.6187, 6250.991, 6174.664, 6269.809, 6185.2993, 5722.4746, 6324.3677, 6170.434, 6209.811, 6119.399]
--------
------------ END LEVEL: high ------------
