------------ BEGIN LEVEL: high ------------
File Size (bytes): 119997241
Total Thresholds: 100
Total Goals: 1000
Time to check consistency (milliseconds): [103787.766, 106178.39, 101527.766, 105033.01, 103164.305, 105928.42, 107088.555, 107695.12, 103772.04, 103019.14, 105567.33, 106351.195, 103199.586, 100802.82, 106400.27, 106110.016, 103611.31, 107613.21, 107303.56, 105271.01, 103544.84, 126365.18, 104905.53, 105748.516, 101871.05, 103317.49, 106655.56, 103036.19, 100745.33, 103912.39]
Time to planning (milliseconds): [1437.7338, 1292.6686, 1364.4459, 1295.0906, 1401.9678, 1412.7407, 1452.6691, 1306.476, 1265.9996, 1313.3589, 1313.3657, 1315.728, 1319.6875, 1325.8333, 1285.7557, 1314.931, 1310.3145, 1312.225, 1311.4384, 1312.7461, 1308.8638, 1325.3617, 1301.8862, 1313.6516, 1308.2725, 1320.07, 1295.8018, 1320.0029, 1293.0322, 1330.5511]
Time to search (seconds): [0.156, 0.109, 0.188, 0.141, 0.156, 0.125, 0.14, 0.125, 0.125, 0.124, 0.125, 0.125, 0.125, 0.156, 0.125, 0.125, 0.125, 0.125, 0.125, 0.125, 0.109, 0.125, 0.125, 0.125, 0.109, 0.125, 0.125, 0.125, 0.109, 0.14]
Time to check plancon (milliseconds): [103297.57, 104548.65, 105146.68, 105202.77, 102355.5, 110289.984, 104319.54, 104882.55, 105583.586, 102248.125, 105694.58, 105315.77, 99945.23, 104313.22, 104203.98, 105084.58, 100231.14, 110151.695, 105535.13, 104149.63, 100456.83, 103691.15, 107459.08, 103440.0, 102137.9, 107446.42, 106953.3, 107249.89, 98733.46, 103818.734]
--------
------------ END LEVEL: high ------------
