------------ BEGIN LEVEL: high ------------
File Size (bytes): 97513451
Total Thresholds: 1000
Total Goals: 300
Time to check consistency (milliseconds): [10767.751, 10798.23, 10141.231, 10947.538, 11022.422, 11072.276, 9813.727, 10935.263, 11181.189, 10513.518, 10278.256, 10514.872, 10535.507, 10450.752, 9155.453, 10612.023, 9018.342, 10693.259, 10366.533, 9174.301, 10533.307, 10353.957, 10611.997, 9679.09, 10755.479, 10452.56, 9621.659, 10694.01, 10854.959, 9780.496]
Time to planning (milliseconds): [6628.3228, 6020.1978, 5995.3936, 5982.9443, 5984.624, 6028.597, 6010.4443, 6035.3706, 6005.3403, 5992.3906, 6735.3813, 7146.024, 6020.665, 5923.8667, 5919.997, 5941.481, 5991.53, 5977.103, 5991.7583, 6029.658, 5985.2554, 6160.6157, 6258.112, 6089.2485, 5955.6216, 6346.755, 6050.985, 6006.1016, 6036.421, 6124.2246]
Time to search (seconds): [4.624, 4.281, 4.249, 4.187, 4.187, 4.186, 4.233, 4.171, 4.186, 4.17, 4.812, 4.999, 4.233, 4.203, 4.202, 4.249, 4.218, 4.249, 4.218, 4.202, 4.171, 4.271, 4.218, 4.233, 4.156, 4.358, 4.186, 4.233, 4.233, 4.358]
Time to check plancon (milliseconds): [12827.39, 12944.915, 10554.708, 12446.389, 10950.315, 12968.812, 13095.656, 13002.799, 12648.026, 12571.787, 12625.628, 12649.892, 12691.253, 12704.323, 12724.45, 12782.222, 12608.06, 13018.666, 12736.307, 12670.4375, 12689.344, 12768.533, 12602.946, 12631.496, 12644.216, 12709.423, 12591.466, 12770.84, 13349.717, 12567.758]
--------
------------ END LEVEL: high ------------
