------------ BEGIN LEVEL: high ------------
File Size (bytes): 100858638
Total Thresholds: 700
Total Goals: 700
Time to check consistency (milliseconds): [43633.13, 46912.27, 42303.64, 41644.81, 44053.234, 44053.105, 42269.227, 42525.57, 44038.4, 43360.94, 45273.105, 43128.848, 42504.01, 47472.33, 40613.38, 40573.28, 40621.58, 42985.957, 44334.008, 44004.43, 49661.906, 42817.71, 42208.24, 40525.406, 43677.95, 45094.848, 43597.895, 44852.38, 43421.18, 49160.61]
Time to planning (milliseconds): [3812.6868, 3530.7002, 3566.5234, 3485.7961, 3486.0835, 3493.3188, 3466.4966, 3533.0754, 3520.153, 3477.5745, 3513.578, 3533.961, 3484.0854, 3475.8816, 3505.9937, 3469.3557, 3513.3157, 3526.2876, 3440.081, 3482.5518, 3554.0962, 3494.0876, 3503.8003, 3525.0056, 3452.7969, 3493.7725, 3542.7444, 3448.6475, 3505.8738, 3518.678]
Time to search (seconds): [2.265, 2.109, 2.015, 1.999, 2.0, 2.0, 1.968, 1.983, 1.999, 2.0, 2.015, 2.015, 2.015, 2.015, 2.015, 1.999, 1.984, 2.031, 1.984, 2.015, 2.031, 1.984, 2.015, 2.015, 2.015, 1.983, 2.03, 1.984, 1.999, 2.015]
Time to check plancon (milliseconds): [55206.473, 46573.555, 47488.285, 46597.742, 46369.66, 44227.855, 43201.516, 48594.86, 49483.27, 48586.566, 48338.195, 46994.695, 55183.332, 44293.625, 45154.703, 45404.664, 47761.78, 47583.45, 48878.24, 47671.01, 46751.406, 47281.215, 44413.63, 44397.562, 45441.49, 46510.23, 48596.93, 48556.293, 49976.477, 48675.86]
--------
------------ END LEVEL: high ------------
