------------ BEGIN LEVEL: high ------------
File Size (bytes): 43609663
Total Thresholds: 700
Total Goals: 100
Time to check consistency (milliseconds): [1950.7605, 1941.7, 1990.6655, 1922.4031, 1884.3116, 1881.0094, 1917.6547, 1900.2992, 1980.0352, 1883.4016, 1903.7095, 1954.0697, 1859.7474, 1954.8214, 1913.1398, 1925.871, 1928.1561, 1921.7158, 1899.3744, 1928.1265, 1879.0767, 1937.7338, 1881.1752, 1913.1248, 1853.0913, 1928.8075, 1949.7478, 1945.7496, 2003.694, 1888.9193]
Time to planning (milliseconds): [3585.5198, 3544.3809, 3538.3816, 3530.4255, 3602.6392, 3492.9182, 3491.1653, 3501.3916, 3492.674, 3477.0352, 3488.6577, 3519.2285, 3493.2827, 3515.7593, 3495.2822, 3507.2146, 3500.6262, 3480.2085, 3551.2607, 3440.753, 3510.161, 3499.167, 3479.9744, 3531.3403, 3493.3386, 3504.2441, 3485.2, 3529.3862, 3461.0974, 3492.1934]
Time to search (seconds): [2.047, 2.016, 2.046, 2.015, 2.109, 1.984, 1.999, 1.999, 2.015, 2.015, 1.984, 1.984, 2.016, 2.0, 2.015, 2.031, 2.0, 2.0, 2.031, 2.015, 1.999, 2.0, 2.015, 2.016, 2.031, 2.015, 1.999, 2.047, 2.0, 1.999]
Time to check plancon (milliseconds): [2337.449, 2353.8708, 2332.3552, 2339.5334, 2263.991, 2331.5957, 2361.432, 2350.2124, 2324.8757, 2363.5742, 2353.2417, 2265.9417, 2341.8325, 2368.9978, 2370.433, 2345.6965, 2320.5938, 2366.19, 2309.9326, 2335.4504, 2334.1929, 2105.4202, 2364.4924, 2354.7173, 2338.181, 2306.2034, 2342.4155, 2359.82, 2315.2598, 2312.869]
--------
------------ END LEVEL: high ------------
