------------ BEGIN LEVEL: high ------------
File Size (bytes): 207425321
Total Thresholds: 1000
Total Goals: 1000
Time to check consistency (milliseconds): [116129.11, 111945.26, 109988.05, 115181.62, 107123.83, 111612.805, 110665.03, 106823.23, 106003.27, 111769.57, 108031.5, 110113.1, 110764.234, 108061.195, 110371.945, 113680.31, 106872.195, 108636.914, 113540.38, 105625.32, 113762.016, 111596.37, 107829.53, 109189.125, 116172.2, 108007.875, 111922.625, 110896.13, 106498.67, 110722.69]
Time to planning (milliseconds): [7219.6294, 6508.912, 6694.5273, 6011.138, 6010.3594, 6042.799, 6004.91, 6028.4966, 6092.1304, 5926.9434, 5946.2915, 5985.962, 6057.8164, 6016.7266, 6074.499, 6117.7607, 6072.584, 6017.738, 6014.619, 6030.491, 6033.5566, 6377.559, 7104.9956, 6090.5547, 6389.3394, 6248.1772, 6025.144, 6386.379, 6374.9004, 6023.3574]
Time to search (seconds): [5.405, 4.748, 4.858, 4.187, 4.171, 4.249, 4.218, 4.234, 4.234, 4.202, 4.233, 4.218, 4.249, 4.187, 4.249, 4.249, 4.186, 4.186, 4.233, 4.234, 4.202, 4.452, 5.062, 4.218, 4.405, 4.249, 4.233, 4.526, 4.358, 4.249]
Time to check plancon (milliseconds): [130857.84, 114574.414, 120244.88, 120631.54, 122440.9, 119807.125, 120347.945, 118290.695, 118007.24, 120810.31, 116516.98, 119115.76, 123267.23, 117604.65, 119736.086, 122460.016, 117593.27, 119225.055, 120528.305, 120378.66, 120342.84, 121164.87, 115820.67, 120921.46, 121615.33, 124143.516, 118328.83, 119806.47, 136125.72, 124508.73]
--------
------------ END LEVEL: high ------------
