------------ BEGIN LEVEL: high ------------
File Size (bytes): 145859651
Total Thresholds: 1000
Total Goals: 700
Time to check consistency (milliseconds): [45217.1, 47223.04, 48790.355, 45986.895, 53741.387, 45998.445, 45732.44, 46178.08, 45862.84, 46820.2, 53575.88, 44724.906, 47034.305, 53473.766, 45894.277, 46226.31, 47168.914, 46506.688, 45392.785, 53605.58, 45279.605, 45447.777, 48797.895, 47729.53, 47838.12, 54354.79, 48069.758, 47300.113, 50316.082, 48587.957]
Time to planning (milliseconds): [7750.0557, 6056.0137, 6063.275, 6099.9634, 6101.762, 5966.0127, 5993.44, 6067.021, 5978.035, 6037.639, 6022.932, 6077.6987, 6050.043, 5892.3745, 5982.7437, 6569.564, 5989.488, 6059.1206, 5993.218, 6071.588, 6114.9766, 6100.25, 6061.3555, 6003.3867, 6078.925, 6001.177, 5986.418, 6110.2573, 6032.5713, 6047.412]
Time to search (seconds): [5.811, 4.28, 4.311, 4.187, 4.249, 4.233, 4.156, 4.249, 4.202, 4.218, 4.218, 4.187, 4.28, 4.233, 4.186, 4.811, 4.171, 4.187, 4.249, 4.218, 4.233, 4.234, 4.218, 4.218, 4.249, 4.218, 4.186, 4.264, 4.217, 4.249]
Time to check plancon (milliseconds): [60965.93, 64940.86, 65018.586, 47599.86, 51645.86, 53206.223, 58375.18, 52108.81, 58306.195, 49650.86, 50595.277, 57774.402, 49254.496, 51689.504, 52952.285, 52284.547, 58456.1, 50028.508, 52543.83, 51429.707, 53511.24, 59250.098, 50665.973, 51560.883, 53376.02, 53028.707, 52521.055, 60301.156, 51798.32, 56739.848]
--------
------------ END LEVEL: high ------------
