------------ BEGIN LEVEL: high ------------
File Size (bytes): 11510696
Total Thresholds: 100
Total Goals: 300
Time to check consistency (milliseconds): [4870.6777, 5076.218, 5371.8857, 5026.628, 5136.4575, 5102.1265, 4957.507, 5104.5938, 5016.598, 5115.0728, 5305.442, 5212.1396, 4945.3, 5195.7666, 5155.2554, 5204.422, 5102.001, 5065.431, 5390.71, 5320.251, 5253.42, 5272.35, 5621.3354, 5022.492, 5103.273, 5349.235, 5149.741, 5522.7075, 5029.461, 5140.961]
Time to planning (milliseconds): [1523.9124, 1417.942, 1338.4092, 1295.6259, 1519.2773, 1440.7097, 1303.3784, 1515.0502, 1432.9326, 1386.9193, 1353.5092, 1434.2028, 1293.1218, 1325.2491, 1272.8715, 1334.6967, 1279.2753, 1299.1381, 1328.8403, 1256.5763, 1266.131, 1267.3479, 1294.5757, 1309.9376, 1303.2301, 1331.8237, 1300.818, 1305.911, 1326.3638, 1298.7213]
Time to search (seconds): [0.125, 0.109, 0.109, 0.141, 0.328, 0.125, 0.125, 0.312, 0.11, 0.141, 0.125, 0.25, 0.109, 0.124, 0.121, 0.123, 0.123, 0.13, 0.116, 0.123, 0.122, 0.125, 0.125, 0.125, 0.125, 0.125, 0.125, 0.125, 0.12, 0.129]
Time to check plancon (milliseconds): [5338.8877, 5256.003, 5573.996, 4876.471, 5407.5312, 5312.808, 5382.2246, 5203.7876, 5247.4946, 5244.73, 5376.203, 5406.563, 5429.7896, 5497.881, 5517.536, 5322.0884, 5300.287, 5400.276, 5439.1953, 5385.4253, 5432.005, 5327.4785, 5342.1934, 5387.6196, 5253.9956, 5513.3916, 5476.268, 5594.6367, 5335.1265, 5461.7188]
--------
------------ END LEVEL: high ------------
