------------ BEGIN LEVEL: high ------------
File Size (bytes): 127091501
Total Thresholds: 300
Total Goals: 1000
Time to check consistency (milliseconds): [95055.54, 104421.734, 104707.0, 104658.19, 103498.72, 101929.36, 106907.47, 105194.22, 102048.95, 108648.8, 105886.86, 102226.086, 106667.78, 104335.17, 100097.58, 107312.805, 102555.08, 100839.32, 106494.19, 108048.96, 105293.914, 106820.88, 104518.805, 102777.87, 104065.87, 105929.43, 102239.734, 102969.62, 105815.63, 102164.086]
Time to planning (milliseconds): [2178.8638, 1639.1654, 1672.8153, 1752.8613, 1716.692, 1654.9012, 1625.047, 1640.5813, 1654.7697, 1640.7466, 1621.452, 1663.869, 1719.0934, 1651.1759, 1635.9296, 1655.9729, 1716.493, 1651.8961, 1737.9482, 1635.1226, 1647.7181, 1656.2937, 1717.7572, 1652.599, 1620.8611, 1648.6409, 1630.9491, 1625.6167, 1771.4618, 1727.4786]
Time to search (seconds): [0.968, 0.453, 0.468, 0.437, 0.422, 0.438, 0.438, 0.422, 0.453, 0.438, 0.421, 0.453, 0.438, 0.438, 0.437, 0.453, 0.422, 0.438, 0.422, 0.422, 0.437, 0.421, 0.438, 0.437, 0.421, 0.437, 0.437, 0.437, 0.437, 0.437]
Time to check plancon (milliseconds): [101703.36, 105809.27, 102598.1, 107289.234, 106018.6, 104515.98, 110542.53, 105889.19, 101447.875, 107401.42, 106654.836, 104012.59, 107541.664, 106234.195, 101836.8, 107958.234, 107092.336, 102363.14, 106440.7, 106320.914, 102919.14, 108747.914, 108385.12, 105119.125, 109103.375, 106687.734, 103057.74, 103216.85, 109707.82, 106882.02]
--------
------------ END LEVEL: high ------------
