------------ BEGIN LEVEL: high ------------
File Size (bytes): 2121921
Total Thresholds: 100
Total Goals: 100
Time to check consistency (milliseconds): [1028.7175, 662.05817, 549.6976, 579.68713, 538.8384, 521.97546, 527.6779, 516.7197, 523.4878, 515.0568, 510.4128, 497.20132, 519.3412, 518.3994, 529.6963, 567.2358, 518.8659, 546.9798, 519.5034, 577.3677, 614.9206, 572.403, 540.2091, 553.1728, 554.4475, 516.1526, 511.3991, 511.3168, 520.2607, 525.5252]
Time to planning (milliseconds): [1534.7778, 1490.5187, 1356.8678, 1391.5386, 1338.5901, 1389.6448, 1318.577, 1404.5383, 1297.2366, 1306.5714, 1382.2535, 1478.1523, 1492.8121, 1333.7339, 1286.1028, 1396.3252, 1397.8682, 1605.8408, 1282.0182, 1301.2838, 1408.625, 1364.941, 1261.5403, 1303.1224, 1303.4509, 1344.274, 1318.0465, 1294.7515, 1349.405, 1351.5385]
Time to search (seconds): [0.14, 0.188, 0.125, 0.156, 0.14, 0.141, 0.125, 0.141, 0.14, 0.125, 0.124, 0.125, 0.171, 0.14, 0.125, 0.125, 0.14, 0.141, 0.125, 0.125, 0.203, 0.172, 0.125, 0.125, 0.125, 0.125, 0.125, 0.125, 0.125, 0.125]
Time to check plancon (milliseconds): [601.3566, 590.8503, 625.68695, 582.4004, 560.10046, 550.4966, 513.5834, 571.0501, 536.4549, 561.14734, 524.8092, 553.6703, 541.80725, 530.662, 565.4066, 532.3907, 532.36676, 531.5472, 560.9912, 589.25, 537.6635, 525.8739, 516.6772, 564.83875, 560.6813, 579.64404, 552.98737, 543.0609, 528.4528, 552.2466]
--------
------------ END LEVEL: high ------------
