------------ BEGIN LEVEL: high ------------
File Size (bytes): 79687423
Total Thresholds: 500
Total Goals: 700
Time to check consistency (milliseconds): [39862.23, 43422.7, 50088.02, 40633.94, 42100.203, 41675.984, 43823.492, 43172.906, 41798.062, 40602.758, 41109.453, 42039.445, 41464.836, 40058.324, 40085.65, 40195.64, 43660.84, 42737.555, 41902.094, 41105.0, 40809.17, 44643.402, 42027.812, 41980.746, 41425.04, 42537.918, 44353.383, 42919.84, 41960.758, 41990.36]
Time to planning (milliseconds): [3604.7495, 2464.7886, 2454.6006, 2400.7698, 2388.854, 2455.9136, 2365.4668, 2410.6704, 2396.6292, 2454.329, 2349.5652, 2386.2463, 2409.3127, 2440.2996, 2382.7, 2390.7722, 2426.8657, 2398.2034, 2393.255, 2405.8896, 2412.3079, 2390.9246, 2430.9404, 2372.9192, 2412.6318, 2401.1406, 2439.7478, 3544.5093, 2450.2432, 2392.2163]
Time to search (seconds): [2.187, 1.109, 1.062, 1.063, 1.062, 1.046, 1.046, 1.046, 1.046, 1.047, 1.047, 1.032, 1.031, 1.062, 1.046, 1.046, 1.062, 1.078, 1.031, 1.031, 1.046, 1.031, 1.047, 1.047, 1.063, 1.047, 1.031, 2.234, 1.047, 1.031]
Time to check plancon (milliseconds): [50597.316, 51914.004, 45526.08, 51555.887, 41518.785, 41950.94, 44840.586, 45364.383, 44801.52, 44350.195, 43466.758, 44397.46, 46902.46, 44860.637, 43315.71, 43485.8, 43863.52, 48155.562, 43585.027, 44052.3, 43939.69, 42582.93, 44208.066, 43618.234, 42535.332, 42620.812, 42572.594, 45677.227, 45696.758, 44440.03]
--------
------------ END LEVEL: high ------------
